22222222222222222222222222222222222
21111111111111111111111111111111112
21222212222222222222222222221222212
21222211111111111111111111111222212
21122111111111111111111111111122112
22222112222222222222222222221122112
21111112111111111111111111121111112
21111112122111222222111122121111112
22222222122111222222111122122222122
21111111111111111111111111111111112
21222222121222222222222212122222212
21222222121211111111111212122222212
22111111121211111111111212111111112
21222222121212222222221212222222212
21111112121212111111121212121111112
21111112111211111112121211121111112
21222222221211222222121212222222212
21111111111211211111121211111111122
21222222222211222222221222222222212
21111111111111111111111111111111112
21212122222221222222112122222221212
21212121111111212121112111111121212
21212122222222212121212222222221212
21212121111111112121211111111121212
21212121222222212121212222222121212
21212121211111111111111111112121212
21212121222222212121212222222121212
21212121111111212121212111111121212
21212122222222212222222222222221212
21211111111121111111111111111111212
21222222212222222222221222222222222
21211112111111112111111211111111112
21222222221111112212222211111111112
21111111121111111211111111111111132
22222222222222222222222222222222222